##TITLE= /xw31b/exp/stan/nmr/lists/wave/rampup.100
##JCAMP-DX= 5.00 Bruker JCAMP library
##DATA TYPE= Shape Data
##ORIGIN= Bruker Analytik GmbH
##OWNER= <BRUKER>
##DATE= 01/10/12
##TIME= 11:27:10
##$SHAPE_PARAMETERS= Type: Ramp ; Start Amplitude: 50 ;  End Amplitude: 100 
##MINX= 5.000000e+01
##MAXX= 1.000000e+02
##MINY= 0.000000e+00
##MAXY= 0.000000e+00
##$SHAPE_EXMODE= Excitation
##$SHAPE_TOTROT= 9.000000e+01
##$SHAPE_BWFAC= 1.148000e+00
##$SHAPE_INTEGFAC= 7.500000e-01
##$SHAPE_MODE= 0
##NPOINTS= 100
##XYPOINTS= (XY..XY)
5.000000e+01, 0.000000e+00
5.050505e+01, 0.000000e+00
5.101010e+01, 0.000000e+00
5.151515e+01, 0.000000e+00
5.202020e+01, 0.000000e+00
5.252525e+01, 0.000000e+00
5.303030e+01, 0.000000e+00
5.353535e+01, 0.000000e+00
5.404040e+01, 0.000000e+00
5.454545e+01, 0.000000e+00
5.505051e+01, 0.000000e+00
5.555556e+01, 0.000000e+00
5.606061e+01, 0.000000e+00
5.656566e+01, 0.000000e+00
5.707071e+01, 0.000000e+00
5.757576e+01, 0.000000e+00
5.808081e+01, 0.000000e+00
5.858586e+01, 0.000000e+00
5.909091e+01, 0.000000e+00
5.959596e+01, 0.000000e+00
6.010101e+01, 0.000000e+00
6.060606e+01, 0.000000e+00
6.111111e+01, 0.000000e+00
6.161616e+01, 0.000000e+00
6.212121e+01, 0.000000e+00
6.262626e+01, 0.000000e+00
6.313131e+01, 0.000000e+00
6.363636e+01, 0.000000e+00
6.414141e+01, 0.000000e+00
6.464646e+01, 0.000000e+00
6.515152e+01, 0.000000e+00
6.565657e+01, 0.000000e+00
6.616162e+01, 0.000000e+00
6.666667e+01, 0.000000e+00
6.717172e+01, 0.000000e+00
6.767677e+01, 0.000000e+00
6.818182e+01, 0.000000e+00
6.868687e+01, 0.000000e+00
6.919192e+01, 0.000000e+00
6.969697e+01, 0.000000e+00
7.020202e+01, 0.000000e+00
7.070707e+01, 0.000000e+00
7.121212e+01, 0.000000e+00
7.171717e+01, 0.000000e+00
7.222222e+01, 0.000000e+00
7.272727e+01, 0.000000e+00
7.323232e+01, 0.000000e+00
7.373737e+01, 0.000000e+00
7.424242e+01, 0.000000e+00
7.474747e+01, 0.000000e+00
7.525253e+01, 0.000000e+00
7.575758e+01, 0.000000e+00
7.626263e+01, 0.000000e+00
7.676768e+01, 0.000000e+00
7.727273e+01, 0.000000e+00
7.777778e+01, 0.000000e+00
7.828283e+01, 0.000000e+00
7.878788e+01, 0.000000e+00
7.929293e+01, 0.000000e+00
7.979798e+01, 0.000000e+00
8.030303e+01, 0.000000e+00
8.080808e+01, 0.000000e+00
8.131313e+01, 0.000000e+00
8.181818e+01, 0.000000e+00
8.232323e+01, 0.000000e+00
8.282828e+01, 0.000000e+00
8.333333e+01, 0.000000e+00
8.383838e+01, 0.000000e+00
8.434343e+01, 0.000000e+00
8.484848e+01, 0.000000e+00
8.535354e+01, 0.000000e+00
8.585859e+01, 0.000000e+00
8.636364e+01, 0.000000e+00
8.686869e+01, 0.000000e+00
8.737374e+01, 0.000000e+00
8.787879e+01, 0.000000e+00
8.838384e+01, 0.000000e+00
8.888889e+01, 0.000000e+00
8.939394e+01, 0.000000e+00
8.989899e+01, 0.000000e+00
9.040404e+01, 0.000000e+00
9.090909e+01, 0.000000e+00
9.141414e+01, 0.000000e+00
9.191919e+01, 0.000000e+00
9.242424e+01, 0.000000e+00
9.292929e+01, 0.000000e+00
9.343434e+01, 0.000000e+00
9.393939e+01, 0.000000e+00
9.444444e+01, 0.000000e+00
9.494949e+01, 0.000000e+00
9.545455e+01, 0.000000e+00
9.595960e+01, 0.000000e+00
9.646465e+01, 0.000000e+00
9.696970e+01, 0.000000e+00
9.747475e+01, 0.000000e+00
9.797980e+01, 0.000000e+00
9.848485e+01, 0.000000e+00
9.898990e+01, 0.000000e+00
9.949495e+01, 0.000000e+00
1.000000e+02, 0.000000e+00
##END= 
