##TITLE= Parameter file, TopSpin 3.6.1
##JCAMPDX= 5.0
##DATATYPE= Parameter Values
##NPOINTS= 9	$$ modification sequence number
##ORIGIN= Bruker BioSpin GmbH
##OWNER= lm3
$$ 2022-03-16 09:49:12.231 +0000  lm3@rmn700.clients.ua.pt
$$ /opt/topspin3.6.1/data/IMM/nmr/Crab_CO2_4mm/36/pdata/1/clevels
$$ process /opt/topspin3.6.1/prog/mod/dataserver
##$LEVELS= (0..255)
-143610770.8 -119675642.4 -99729702 -83108085 -69256737.5 -57713947.9 -48094956.6
-40079130.5 -33399275.4 -27832729.5 -23193941.3 -19328284.4 -16106903.6
-13422419.7 -11185349.8 -9321124.8 -7767604 -6473003.3 -5394169.4 -4495141.2
-3745951 -3121625.8 -2601354.9 -2167795.7 -1806496.4 -1505413.7 -1254511.4
-1045426.2 -871188.5 -725990.4 -604992 -504160 504160 554576 610033.6 671037
738140.7 811954.7 893150.2 982465.2 1080711.7 1188782.9 1307661.2 1438427.3
1582270.1 1740497.1 1914546.8 2106001.4 2316601.6 2548261.7 2803087.9 3083396.7
3391736.4 3730910 4104001 4514401.1 4965841.2 5462425.3 6008667.9 6609534.7
7270488.1 7997537 8797290.6 9677019.7 0 0 0 0 0 0 0 0 0 0 0 0 0 0 0 0 0
0 0 0 0 0 0 0 0 0 0 0 0 0 0 0 0 0 0 0 0 0 0 0 0 0 0 0 0 0 0 0 0 0 0 0 0
0 0 0 0 0 0 0 0 0 0 0 0 0 0 0 0 0 0 0 0 0 0 0 0 0 0 0 0 0 0 0 0 0 0 0 0
0 0 0 0 0 0 0 0 0 0 0 0 0 0 0 0 0 0 0 0 0 0 0 0 0 0 0 0 0 0 0 0 0 0 0 0
0 0 0 0 0 0 0 0 0 0 0 0 0 0 0 0 0 0 0 0 0 0 0 0 0 0 0 0 0 0 0 0 0 0 0 0
0 0 0 0 0 0 0 0 0 0 0 0 0 0 0 0 0 0 0 0 0 0 0 0 0 0 0 0 0 0 0
##$LEVSIGN= 3
##$MAXLEV= 32
##$METHOD= 0
##$NEGBASE= -504160
##$NEGINCR= 1.2
##$POSBASE= 504160
##$POSINCR= 1.1
##END=
