##TITLE= Parameter file, TopSpin 4.1.4
##JCAMPDX= 5.0
##DATATYPE= Parameter Values
##NPOINTS= 40	$$ modification sequence number
##ORIGIN= Bruker BioSpin GmbH
##OWNER= nmr
$$ 2022-12-27 16:49:05.026 +0000  danielpereira@vpn280.ras.ua.pt
$$ /Users/danielpereira/NMR Data/13C_4mm_Triple/16/pdata/1/clevels
$$ process /opt/topspin4.1.4/prog/mod/dataserver
##$LEVELS= (0..255)
-38164760000 -21202650000 -11779250000 -6544026458.7 -3635570254.8 -2019761252.7
-1122089584.8 -623383102.7 -346323945.9 -192402192.2 -106890106.8 -59383392.6
-32990773.7 -18328207.6 -10182337.6 -5656854.2 5656854.2 10182337.6 18328207.6
32990773.7 59383392.6 106890106.8 192402192.2 346323945.9 623383102.7 1122089584.8
2019761252.7 3635570254.8 6544026458.7 11779250000 21202650000 38164760000
0 0 0 0 0 0 0 0 0 0 0 0 0 0 0 0 0 0 0 0 0 0 0 0 0 0 0 0 0 0 0 0 0 0 0 0
0 0 0 0 0 0 0 0 0 0 0 0 0 0 0 0 0 0 0 0 0 0 0 0 0 0 0 0 0 0 0 0 0 0 0 0
0 0 0 0 0 0 0 0 0 0 0 0 0 0 0 0 0 0 0 0 0 0 0 0 0 0 0 0 0 0 0 0 0 0 0 0
0 0 0 0 0 0 0 0 0 0 0 0 0 0 0 0 0 0 0 0 0 0 0 0 0 0 0 0 0 0 0 0 0 0 0 0
0 0 0 0 0 0 0 0 0 0 0 0 0 0 0 0 0 0 0 0 0 0 0 0 0 0 0 0 0 0 0 0 0 0 0 0
0 0 0 0 0 0 0 0 0 0 0 0 0 0 0 0 0 0 0 0 0 0 0 0 0 0 0 0 0 0 0 0 0 0 0 0
0 0 0 0 0 0 0 0
##$LEVSIGN= 3
##$MAXLEV= 16
##$METHOD= 0
##$NEGBASE= -5656854.2
##$NEGINCR= 1.8
##$POSBASE= 5656854.2
##$POSINCR= 1.8
##END=
